
A
0001000
0010100
0100010
1000001
1111111
1000001
1000001
0000000

B
1111110
0100001
0100001
0111110
0100001
0100001
1111110
0000000

C
0011111
0100000
1000000
1000000
1000000
0100000
0011111
0000000

D
1111100
0100010
0100001
0100001
0100001
0100010
1111100
0000000

E
1111111
1000000
1000000
1111100
1000000
1000000
1111111
0000000

F
1111111
1000000
1000000
1111100
1000000
1000000
1000000
0000000

G
0011111
0100000
1000000
1001111
1000001
0100001
0011111
0000000

H
1000001
1000001
1000001
1111111
1000001
1000001
1000001
0000000

I
1111111
0001000
0001000
0001000
0001000
0001000
1111111
0000000

J
0001111
0000001
0000001
0000001
0000001
1000001
0111110
0000000

K
1000011
1000100
1001000
1110000
1001000
1000100
1000011
0000000

L
1000000
1000000
1000000
1000000
1000000
1000000
1111111
0000000

M
1110110
1001001
1001001
1001001
1001001
1001001
1001001
0000000

N
1000001
1100001
1010001
1001001
1000101
1000011
1000001
0000000

O
0011100
0100010
1000001
1001001
1000001
0100010
0011100
0000000

P
1111110
0100001
0100001
0111110
0100000
0100000
0100000
0000000

Q
0011100
0100010
1000001
1000001
1000101
0100010
0011101
0000000

R
1111110
0100001
0100001
0101110
0100100
0100010
0100001
0000000

S
0111111
1000000
1000000
0111110
0000001
0000001
1111110
0000000

T
1111111
0001000
0001000
0001000
0001000
0001000
0001000
0000000

U
1000001
1000001
1000001
1000001
1000001
1000001
0111110
0000000

V
1000001
1000001
1000001
1000001
0100010
0010100
0001000
0000000

W
1000001
1001001
1001001
1001001
1001001
1001001
0110110
0000000

X
1000001
0100010
0010100
0001000
0010100
0100010
1000001
0000000

Y
1000001
0100010
0010100
0001000
0001000
0001000
0001000
0000000

Z
1111111
0000010
0000100
0111110
0010000
0100000
1111111
0000000

COL
0000000
0011000
0011000
0000000
0011000
0011000
0000000
0000000

DASH
0000000
0000000
0000000
0111110
0000000
0000000
0000000
0000000

BRA2
0010000
0001000
0000100
0000100
0001000
0010000
0000000
0000000

_
0000000
0000000
0000000
0000000
0000000
0000000
0000000
0000000

FULL
1111111
1111111
1111111
1111111
1111111
1111111
1111111
0000000

CHECK
1010101
0101010
1010101
0101010
1010101
0101010
1010101
0000000

2
0111110
0000001
0000001
0001111
0000001
1000001
0111110
0000000

TEMP
0000011
0011111
0111111
1111110
1111111
0011111
0000011
0000000

LINE
0000001
0000001
0000001
0000001
0000001
0000001
0000001
0000000

SMILE
000000
1100100
1100010
0011001
1100010
1100100
0000000
0000000


DOT
0000000
0000000
0000000
0000000
1100000
1100000
0000000
0000000

COLDOT
0000000
0110000
0110000
0000000
0110011
0110011
0000000
0000000
